20
0.0 1890.7192230528346 229.9760411642851 3480.739397697624 111.38738566112806 1890.7192230528346 2449.7192401138527 1078.8518058521183 2889.7778108552106 229.9760411642851 639.7127250857343 1890.7192230528346 111.38738566112806 3480.739397697624 2449.7192401138527 111.38738566112806 1890.7192230528346 639.7127250857343 2889.7778108552106 1890.7192230528346
1890.7192230528346 0.0 639.7127250857343 229.9760411642851 229.9760411642851 1078.8518058521183 111.38738566112806 1890.7192230528346 4138.55602037565 2889.7778108552106 639.7127250857343 639.7127250857343 111.38738566112806 1078.8518058521183 1890.7192230528346 2449.7192401138527 1890.7192230528346 1890.7192230528346 3480.739397697624 1078.8518058521183
229.9760411642851 639.7127250857343 0.0 2449.7192401138527 639.7127250857343 639.7127250857343 4138.55602037565 111.38738566112806 3480.739397697624 4138.55602037565 229.9760411642851 111.38738566112806 4138.55602037565 4138.55602037565 2286.8897236604626 2889.7778108552106 2889.7778108552106 229.9760411642851 2286.8897236604626 2286.8897236604626
3480.739397697624 229.9760411642851 2449.7192401138527 0.0 2449.7192401138527 229.9760411642851 2449.7192401138527 1890.7192230528346 1078.8518058521183 2889.7778108552106 229.9760411642851 229.9760411642851 229.9760411642851 1078.8518058521183 3480.739397697624 2889.7778108552106 1078.8518058521183 2286.8897236604626 4138.55602037565 4138.55602037565
111.38738566112806 229.9760411642851 639.7127250857343 2449.7192401138527 0.0 2286.8897236604626 1890.7192230528346 229.9760411642851 111.38738566112806 1890.7192230528346 639.7127250857343 2286.8897236604626 2449.7192401138527 229.9760411642851 2449.7192401138527 229.9760411642851 2889.7778108552106 639.7127250857343 639.7127250857343 1890.7192230528346
1890.7192230528346 1078.8518058521183 639.7127250857343 229.9760411642851 2286.8897236604626 0.0 2449.7192401138527 4138.55602037565 2889.7778108552106 1078.8518058521183 3480.739397697624 2286.8897236604626 1078.8518058521183 2889.7778108552106 1890.7192230528346 111.38738566112806 1890.7192230528346 111.38738566112806 4138.55602037565 1078.8518058521183
2449.7192401138527 111.38738566112806 4138.55602037565 2449.7192401138527 1890.7192230528346 2449.7192401138527 0.0 4138.55602037565 2286.8897236604626 639.7127250857343 639.7127250857343 2449.7192401138527 3480.739397697624 1078.8518058521183 2889.7778108552106 3480.739397697624 2889.7778108552106 2889.7778108552106 111.38738566112806 3480.739397697624
1078.8518058521183 1890.7192230528346 111.38738566112806 1890.7192230528346 229.9760411642851 4138.55602037565 4138.55602037565 0.0 1890.7192230528346 229.9760411642851 4138.55602037565 2286.8897236604626 2889.7778108552106 1078.8518058521183 111.38738566112806 2286.8897236604626 3480.739397697624 2889.7778108552106 2286.8897236604626 639.7127250857343
2889.7778108552106 4138.55602037565 3480.739397697624 1078.8518058521183 111.38738566112806 2889.7778108552106 2286.8897236604626 1890.7192230528346 0.0 2449.7192401138527 1890.7192230528346 229.9760411642851 639.7127250857343 4138.55602037565 3480.739397697624 2889.7778108552106 1078.8518058521183 111.38738566112806 2449.7192401138527 4138.55602037565
229.9760411642851 2889.7778108552106 4138.55602037565 2889.7778108552106 1890.7192230528346 1078.8518058521183 639.7127250857343 229.9760411642851 2449.7192401138527 0.0 2889.7778108552106 2889.7778108552106 2286.8897236604626 1890.7192230528346 639.7127250857343 3480.739397697624 4138.55602037565 2449.7192401138527 229.9760411642851 3480.739397697624
639.7127250857343 639.7127250857343 229.9760411642851 229.9760411642851 639.7127250857343 3480.739397697624 639.7127250857343 4138.55602037565 1890.7192230528346 2889.7778108552106 0.0 639.7127250857343 639.7127250857343 2286.8897236604626 3480.739397697624 3480.739397697624 1890.7192230528346 229.9760411642851 4138.55602037565 229.9760411642851
1890.7192230528346 639.7127250857343 111.38738566112806 229.9760411642851 2286.8897236604626 2286.8897236604626 2449.7192401138527 2286.8897236604626 229.9760411642851 2889.7778108552106 639.7127250857343 0.0 111.38738566112806 3480.739397697624 639.7127250857343 2889.7778108552106 1078.8518058521183 1890.7192230528346 1890.7192230528346 639.7127250857343
111.38738566112806 111.38738566112806 4138.55602037565 229.9760411642851 2449.7192401138527 1078.8518058521183 3480.739397697624 2889.7778108552106 639.7127250857343 2286.8897236604626 639.7127250857343 111.38738566112806 0.0 1890.7192230528346 111.38738566112806 229.9760411642851 2449.7192401138527 3480.739397697624 111.38738566112806 4138.55602037565
3480.739397697624 1078.8518058521183 4138.55602037565 1078.8518058521183 229.9760411642851 2889.7778108552106 1078.8518058521183 1078.8518058521183 4138.55602037565 1890.7192230528346 2286.8897236604626 3480.739397697624 1890.7192230528346 0.0 2286.8897236604626 111.38738566112806 1890.7192230528346 639.7127250857343 1890.7192230528346 3480.739397697624
2449.7192401138527 1890.7192230528346 2286.8897236604626 3480.739397697624 2449.7192401138527 1890.7192230528346 2889.7778108552106 111.38738566112806 3480.739397697624 639.7127250857343 3480.739397697624 639.7127250857343 111.38738566112806 2286.8897236604626 0.0 1890.7192230528346 229.9760411642851 111.38738566112806 2889.7778108552106 2449.7192401138527
111.38738566112806 2449.7192401138527 2889.7778108552106 2889.7778108552106 229.9760411642851 111.38738566112806 3480.739397697624 2286.8897236604626 2889.7778108552106 3480.739397697624 3480.739397697624 2889.7778108552106 229.9760411642851 111.38738566112806 1890.7192230528346 0.0 1078.8518058521183 3480.739397697624 639.7127250857343 111.38738566112806
1890.7192230528346 1890.7192230528346 2889.7778108552106 1078.8518058521183 2889.7778108552106 1890.7192230528346 2889.7778108552106 3480.739397697624 1078.8518058521183 4138.55602037565 1890.7192230528346 1078.8518058521183 2449.7192401138527 1890.7192230528346 229.9760411642851 1078.8518058521183 0.0 229.9760411642851 229.9760411642851 2889.7778108552106
639.7127250857343 1890.7192230528346 229.9760411642851 2286.8897236604626 639.7127250857343 111.38738566112806 2889.7778108552106 2889.7778108552106 111.38738566112806 2449.7192401138527 229.9760411642851 1890.7192230528346 3480.739397697624 639.7127250857343 111.38738566112806 3480.739397697624 229.9760411642851 0.0 639.7127250857343 111.38738566112806
2889.7778108552106 3480.739397697624 2286.8897236604626 4138.55602037565 639.7127250857343 4138.55602037565 111.38738566112806 2286.8897236604626 2449.7192401138527 229.9760411642851 4138.55602037565 1890.7192230528346 111.38738566112806 1890.7192230528346 2889.7778108552106 639.7127250857343 229.9760411642851 639.7127250857343 0.0 1078.8518058521183
1890.7192230528346 1078.8518058521183 2286.8897236604626 4138.55602037565 1890.7192230528346 1078.8518058521183 3480.739397697624 639.7127250857343 4138.55602037565 3480.739397697624 229.9760411642851 639.7127250857343 4138.55602037565 3480.739397697624 2449.7192401138527 111.38738566112806 2889.7778108552106 111.38738566112806 1078.8518058521183 0.0
